$SPEC_ID:
No sample description was entered.
$SPEC_REM:
DET# 1
DETDESC# MYON MCB 337
AP# Maestro Version 6.06
$DATE_MEA:
06/11/2018 13:36:07
$MEAS_TIM:
162391 162392
$DATA:
0 511
       0
       0
      25
     222
     541
     285
     249
     307
     302
     263
     231
     240
     269
     277
     254
     217
     250
     217
     238
     229
     208
     226
     222
     187
     194
     193
     199
     200
     211
     183
     159
     165
     169
     173
     153
     145
     142
     131
     138
     167
     145
     146
     135
     132
     124
     125
     123
     140
     124
     113
     126
      87
      91
     112
     116
     101
      95
      87
      88
     102
      84
      85
      75
      82
      78
      93
      80
     102
      84
      89
      82
      72
      69
      63
      68
      68
      66
      63
      60
      76
      72
      66
      66
      63
      60
      57
      53
      43
      52
      55
      46
      47
      49
      62
      42
      44
      45
      41
      41
      42
      39
      36
      37
      36
      37
      42
      40
      21
      40
      41
      34
      32
      16
      32
      27
      37
      31
      36
      30
      36
      29
      24
      36
      29
      33
      24
      31
      23
      19
      10
      29
      28
      37
      32
      30
      16
      24
      25
      19
      17
      23
      15
      20
      21
      14
      26
      16
      14
      20
      17
      20
      16
      11
      21
      11
      22
      21
      18
      11
      13
      11
      13
      10
      15
      14
      20
       9
      10
       7
      11
       6
       8
      10
      13
      11
       7
      13
       9
      10
      12
      15
       9
      12
      12
       7
      16
      15
      13
       3
      10
       5
      10
       6
       8
      10
       9
       5
       9
       9
       8
      10
      11
      11
       2
      11
       7
       4
       6
       7
       5
      12
      10
       4
      10
      10
       4
       6
       5
      14
      10
       9
       9
       6
       2
       5
      11
       4
       4
      10
       5
       2
       7
       5
       5
       9
       4
       4
       5
       7
       4
       6
       5
       6
       5
       7
       9
       6
       3
       8
       4
       2
       3
       5
       6
       3
       5
       6
       4
       4
       5
       2
       4
       5
       3
       6
       6
       4
       4
       3
       1
       5
       3
       2
       2
       9
       3
       6
       8
       8
       3
      10
       5
      11
       4
       5
       5
       4
       4
       5
       8
       5
       3
       6
       1
       5
       7
       5
       4
       5
       6
       7
       5
       5
       6
       0
       3
       7
       3
       6
       4
       4
       5
       1
       4
       6
       2
       6
       3
       2
       4
       2
       4
       2
       2
       4
       0
       5
       4
       4
       3
       7
       4
       2
       4
       7
       2
       6
       2
       5
       6
       5
       2
       1
       5
       3
       4
       4
       3
       3
       4
       4
       4
       1
       4
       3
       4
       1
       5
       1
       2
       3
       3
       1
       8
       4
       4
       1
       4
       3
       2
       3
       4
       3
       9
       3
       7
       1
       5
       5
       5
       2
       3
       2
       3
       4
       3
       1
       5
       6
       2
       2
       1
       7
       5
       3
       4
       4
       3
       4
       1
       1
       4
       4
       1
       5
       2
       0
       3
       2
       7
       4
       5
       4
       4
       4
       1
       2
       5
       4
       6
       2
       4
       4
       7
       4
       7
       6
       5
       5
       5
       0
       0
       0
       0
       0
       0
       0
       0
       0
       0
       0
       0
       0
       0
       0
       0
       0
       0
       0
       0
       0
       0
       0
       0
       0
       0
       0
       0
       0
       0
       0
       0
       0
       0
       0
       0
       0
       0
       0
       0
       0
       0
       0
       0
       0
       0
       0
       0
       0
       0
       0
       0
       0
       0
       0
       0
       0
       0
       0
       0
       0
       0
       0
       0
       0
       0
       0
       0
       0
       0
       0
       0
       0
       0
       0
       0
       0
       0
       0
       0
       0
       0
$ROI:
0
$PRESETS:
None
0
0
$ENER_FIT:
-2.326062 0.088583
$MCA_CAL:
3
-2.326062E+000 8.858320E-002 -1.636990E-004 micr
$SHAPE_CAL:
3
0.000000E+000 0.000000E+000 0.000000E+000
