0.69 -50
0.7 -49.2
0.7 -48.2
0.7 -47.4
0.7 -46.2
0.7 -45.3
0.8 -44.3
0.8 -43.7
0.85 -42.7
1 -41.8
1 -41
1.1 -40
1.2 -39.1
1.3 -38.3
1.4 -37.4
1.6 -36.6
1.78 -35.7
1.95 -34.8
2.12 -34.1
2.4 -33.2
2.65 -32.3
3 -31.4
3.4 -30.5
3.75 -29.7
4.20 -28.7 #Blaze it
4.7 -27.9
5.25 -26.9
5.9 -25.9
6.6 -25
7.4 -24
8.3 -23
9.4 -21.9
10.4 -20.9
11.4 -20
12.2 -19
13 -18.1
13.7 -17.1
14.4 -16.2
14.8 -15.3
15.2 -14.4
15.2 -13.5
15.2 -12.5
15 -11.6
14.7 -10.5
14.2 -9.4
13.4 -8.4
12.4 -7.3
11.4 -6.2
10.3 -5.1
9.3 -4.1
8.2 -3.2
7.4 -2.3
6.7 -1.3
6.1 -0.4
5.7 0.4
5.6 1.5
5.55 2.4
5.6 3.4
5.6 4.3
5.7 5.3
5.8 6.2
5.9 7.1
6 8
6.2 9
6.35 9.9
6.6 11
6.7 12
6.9 13
7.05 13.9
7.2 15
7.4 15.9
7.55 16.9
7.7 18
7.85 18.8
7.98 19.7
8.1 20.8
8.2 21.7
8.3 22.7
8.4 23.7
8.5 24.6
8.6 25.6
8.65 26.5
8.7 27.4
8.7 28.3
8.75 29.4
8.8 30.4
8.9 31.5
9 32.6
9 33.9
9.05 34.8
9.05 36
9 37
8.9 38
8.8 39
8.7 40.1
8.5 41
8.4 42
8.2 42.8
8.1 43.7
