0.8 -45
0.8 -44
0.8 -43.5
0.85 -42.8
0.85 -42
0.9 -41
1 -40
1.1 -39
1.2 -38.3
1.3 -37.3
1.48 -36.6
1.6 -35.7
1.8 -35
2 -34.1
2.2 -33.3
2.45 -32.6
2.7 -31.8
2.95 -31
3.2 -30.3
3.6 -29.6
3.8 -28.9
4.2 -28.3
4.55 -27.6
4.9 -26.9
5.3 -26.2
5.7 -25.6
6.2 -24.8
6.6 -24.2
7 -23.5
7.4 -23
7.8 -22.3
8.2 -21.7
8.7 -20.9
9.2 -20.3
9.5 -19.6
9.7 -18.8
10.1 -18.1
10.5 -17.4
10.5 -16.7
10.7 -16
10.7 -15.4
10.7 -14.6
10.5 -13.9
10.2 -13.2
9.7 -12.5
9.5 -11.9
9 -11.2
8.5 -10.6
7.9 -9.9
7.15 -9.2
6.7 -8.6
6.15 -8
5.6 -7.3
5.2 -6.7
4.85 -6
4.55 -5.3
4.3 -4.5
4.1 -4
3.9 -2.6
3.8 -1.9
3.9 -1.3
3.9 -0.5
3.9 0.2
3.95 0.9
4 1.7
4.1 2.5
4.20 3.2 #Blaze it!
4.3 4
4.4 4.7
4.5 5.4
4.6 6
4.7 6.8
4.78 7.5
4.8 8.1
4.9 8.9
5 9.5
5.1 10.2
5.2 11
5.25 11.7
5.3 12.4
5.4 13
5.4 13.7
5.5 14.4
5.55 15.1
5.6 15.7
5.65 16.5
5.7 17.2
5.75 18.5
5.8 19.1
5.8 19.8
5.85 20.4
5.9 21
5.9 21.7
5.9 22.4
5.9 23.1
5.9 23.6
5.95 24.3
6 25
6 25.7
6 26.3
6 26.9
6 27.6
6 28.4
6 29.2
6 29.7
5.95 30.5
6 31.2
6.1 31.9
6.05 32.5
6 33
6 34
6.05 34.8
5.95 35.3
6 35.9
6 36.7
6.1 37.2
