0.25 -72
0.2 -70.8
0.2 -69.5
0.2 -67.7
0.15 -65.8
0.2 -64.4
0.15 -62.6
0.1 -61.5
0.1 -60.8
0.1 -59.1
0.15 -57.4
0.2 -56.1
0.2 -54.7
0.25 -53.4
0.25 -51.9
0.25 -50.6
0.3 -49.2
0.35 -47.7
0.9 -46.1
1.2 -45.1
1.1 -43.6
1.4 -41.9
1.6 -40 
1.7 -38.5
1.8 -37.1
1.9 -36.1
2 -34.9
2.5 -33.6
3 -31.9
3.8 -29.8
4.4 -28.3
5.3 -26.8
5.8 -25.8
6.5 -24.7
7.3 -23.5
8.3 -22.1
9.5 -20.5
11 -18.8
12.5 -17.2
13.2 -15.6
13.5 -14.1
12 -12.7
11 -11.4
10 -10.1
8 -8.6
7.5 -6.9
7 -5.3
6 -3.9
5.5 -2.6
5.5 -1.3
6 1.7 
6 3.4
6.5 4.9
7 6.4
7.5 7.9
8 9.4
8.5 11
9.5 12.7
10 14.3
11.5 15.8
12 17.3
13 18.7