$SPEC_ID:
No sample description was entered.
$SPEC_REM:
DET# 1
DETDESC# PRAK01 Easy-MCA-2k SN 15071856
AP# Maestro Version 7.01
$DATE_MEA:
01/01/2002 00:14:50
$MEAS_TIM:
74 74
$DATA:
0 511
       0
       0
       0
       0
       0
       0
       0
       0
       0
       0
       0
       0
       0
       0
       0
       0
       0
       0
       0
       0
       0
       0
       0
       0
       0
       0
       0
       0
       0
       0
       0
       1
      98
     155
     138
     161
     165
     169
     163
     182
     178
     181
     192
     174
     194
     194
     178
     189
     166
     200
     168
     174
     189
     207
     204
     206
     228
     206
     214
     226
     194
     204
     214
     198
     190
     186
     176
     181
     179
     171
     190
     167
     164
     177
     167
     175
     175
     182
     163
     154
     160
     167
     162
     150
     183
     140
     159
     148
     133
     176
     151
     144
     165
     143
     165
     132
     164
     173
     160
     170
     160
     153
     150
     158
     159
     153
     202
     150
     165
     157
     183
     154
     129
     159
     163
     150
     207
     166
     168
     161
     172
     137
     158
     136
     147
     120
     119
     115
     108
     100
      89
      90
      69
      84
      62
      81
      77
      67
      82
      59
      68
      56
      50
      54
      51
      72
      44
      60
      65
      62
      51
      62
      71
      58
      73
      97
      81
      81
     136
     131
     114
     146
     185
     195
     253
     274
     332
     414
     483
     552
     633
     762
     808
     916
     941
     979
    1053
    1091
     974
     980
     864
     768
     645
     529
     416
     329
     244
     184
     121
      93
      53
      28
      28
      11
       8
       7
       3
       1
       0
       1
       2
       0
       0
       3
       0
       0
       0
       1
       1
       2
       3
       1
       0
       1
       2
       3
       0
       1
       0
       0
       0
       0
       0
       0
       1
       2
       1
       1
       0
       1
       1
       4
       1
       2
       0
       0
       1
       0
       3
       0
       1
       0
       0
       1
       1
       0
       1
       0
       0
       3
       2
       4
       0
       0
       2
       0
       2
       2
       1
       1
       0
       0
       0
       0
       0
       2
       1
       0
       0
       1
       0
       1
       0
       2
       0
       1
       1
       1
       1
       0
       0
       2
       0
       0
       1
       1
       0
       1
       0
       0
       1
       0
       1
       0
       0
       3
       1
       0
       1
       2
       0
       0
       2
       0
       0
       1
       2
       0
       2
       0
       0
       0
       0
       0
       0
       1
       0
       0
       0
       0
       3
       0
       1
       2
       0
       1
       0
       1
       1
       0
       1
       1
       0
       0
       1
       1
       0
       0
       0
       0
       0
       0
       0
       0
       0
       1
       0
       0
       0
       1
       0
       1
       0
       0
       0
       0
       0
       0
       0
       1
       1
       0
       0
       0
       1
       0
       1
       0
       0
       2
       1
       0
       0
       0
       3
       1
       1
       1
       0
       0
       1
       0
       1
       2
       0
       1
       0
       1
       0
       0
       0
       0
       1
       0
       0
       0
       0
       0
       0
       1
       0
       1
       0
       0
       0
       0
       0
       0
       0
       0
       0
       0
       0
       0
       0
       0
       0
       0
       1
       0
       1
       0
       1
       0
       0
       0
       0
       0
       0
       0
       0
       1
       1
       0
       0
       0
       1
       0
       0
       0
       0
       0
       0
       0
       0
       1
       0
       1
       0
       0
       0
       0
       1
       0
       0
       0
       0
       1
       0
       1
       0
       0
       0
       0
       0
       0
       0
       0
       0
       0
       0
       0
       0
       0
       0
       0
       0
       0
       0
       0
       0
       0
       0
       0
       0
       0
       0
       0
       0
       0
       0
       0
       0
       0
       0
       0
       0
       0
       0
       0
       0
       0
       0
       0
       0
       0
       0
       0
       0
       0
       0
       0
$ROI:
2
157 193
220 220
$PRESETS:
None
0
0
$ENER_FIT:
0.000000 3.991138
$MCA_CAL:
3
0.000000E+000 3.991138E+000 0.000000E+000 keV
$SHAPE_CAL:
3
1.151547E+001 0.000000E+000 0.000000E+000
