$SPEC_ID:
No sample description was entered.
$SPEC_REM:
DET# 1
DETDESC# PRAK01 Easy-MCA-2k SN 15071856
AP# Maestro Version 7.01
$DATE_MEA:
01/01/2002 00:52:13
$MEAS_TIM:
322 322
$DATA:
0 511
       0
       0
       0
       0
       0
       0
       0
       0
       0
       0
       0
       0
       0
       0
       0
       0
       0
       0
       0
       0
       0
       0
       0
       0
       0
       0
       0
       0
       0
       0
       0
       0
      92
     120
      99
     107
     120
      78
     107
      77
      83
      74
      67
      89
      70
      62
      74
      63
      51
      56
      63
      49
      53
      44
      57
      52
      45
      59
      58
      58
      61
      82
      88
     106
     114
     116
     112
      97
     111
      92
      73
      60
      49
      34
      22
      25
      26
       9
      16
      15
      10
       9
      10
      10
      12
      16
       7
      12
      19
      15
      14
      15
       9
       7
      14
       6
       8
      10
      10
      11
       5
      11
      16
       4
      11
      15
       9
       8
       7
      14
       9
       8
       6
       4
       4
       4
       9
       6
       8
       5
       6
       4
       3
       4
       6
       7
       4
       7
      10
       5
       4
       3
       7
       9
       6
       5
       4
       7
       8
      10
       7
       2
       4
       8
       4
       5
       3
       3
       4
       1
       3
       2
       2
       5
       2
       0
       3
       3
       1
       0
       3
       1
       2
       2
       3
       1
       3
       7
       2
       3
       1
       1
       1
       0
       2
       1
       0
       0
       1
       0
       4
       1
       1
       1
       1
       3
       1
       1
       0
       2
       0
       1
       3
       0
       2
       2
       0
       1
       0
       2
       0
       0
       2
       0
       1
       2
       5
       0
       3
       3
       2
       1
       1
       0
       1
       1
       1
       1
       0
       0
       1
       1
       1
       2
       3
       1
       0
       0
       0
       0
       1
       1
       1
       4
       0
       1
       1
       0
       2
       3
       0
       1
       1
       0
       1
       0
       2
       1
       1
       0
       1
       0
       1
       2
       0
       0
       2
       0
       0
       0
       0
       0
       0
       0
       1
       0
       0
       0
       0
       2
       0
       0
       0
       0
       0
       0
       0
       0
       0
       0
       0
       0
       0
       0
       0
       0
       1
       0
       0
       0
       0
       0
       0
       0
       0
       0
       1
       0
       0
       0
       1
       0
       0
       0
       0
       0
       0
       1
       0
       0
       0
       0
       0
       0
       0
       0
       0
       0
       0
       0
       0
       0
       0
       1
       0
       0
       0
       0
       0
       1
       0
       0
       0
       0
       0
       0
       0
       0
       0
       0
       0
       0
       0
       0
       0
       0
       0
       0
       0
       0
       1
       0
       0
       0
       0
       0
       0
       0
       0
       0
       0
       0
       0
       0
       1
       0
       0
       0
       0
       0
       0
       0
       0
       0
       0
       0
       0
       0
       0
       0
       1
       0
       0
       0
       0
       0
       0
       0
       0
       0
       0
       0
       0
       0
       1
       1
       0
       0
       0
       0
       0
       0
       0
       0
       0
       0
       0
       0
       0
       0
       0
       0
       0
       0
       0
       0
       0
       0
       0
       0
       0
       0
       0
       0
       0
       0
       0
       0
       0
       0
       0
       0
       0
       1
       0
       0
       0
       0
       0
       0
       0
       0
       0
       0
       0
       0
       0
       0
       0
       0
       0
       0
       0
       0
       0
       0
       0
       0
       0
       0
       0
       0
       0
       0
       0
       0
       0
       0
       0
       0
       0
       0
       0
       0
       0
       0
       0
       0
       0
       0
       0
       0
       0
       0
       0
       0
       0
       0
       0
       0
       0
       0
       0
       0
       0
       0
       0
       0
       0
       0
       0
       0
       0
       0
       0
       0
       0
       0
       0
       0
       0
       0
$ROI:
1
58 73
$PRESETS:
None
0
0
$ENER_FIT:
0.000000 3.991138
$MCA_CAL:
3
0.000000E+000 3.991138E+000 0.000000E+000 keV
$SHAPE_CAL:
3
1.151547E+001 0.000000E+000 0.000000E+000
