$SPEC_ID:
No sample description was entered.
$SPEC_REM:
DET# 1
DETDESC# PRAK01 Easy-MCA-2k SN 15071856
AP# Maestro Version 7.01
$DATE_MEA:
01/01/2002 00:47:01
$MEAS_TIM:
171 171
$DATA:
0 511
       0
       0
       0
       0
       0
       0
       0
       0
       0
       0
       0
       0
       0
       0
       0
       0
       0
       0
       0
       0
       0
       0
       0
       0
       0
       0
       0
       0
       0
       0
       0
       1
      84
      56
      71
      71
      69
      61
      61
      63
      65
      65
      42
      49
      51
      41
      43
      41
      42
      51
      44
      50
      43
      42
      35
      28
      22
      22
      26
      23
      29
      25
      18
      25
      31
      37
      54
      51
     100
     112
     127
     159
     185
     191
     153
     131
     104
      76
      40
      26
      13
       5
       6
       6
       8
       8
       2
       4
       6
       4
       8
       5
       7
       5
       9
       3
       4
       9
       9
       4
       8
       3
       2
       8
       2
       7
       4
       9
       5
       1
       6
       3
       5
       8
       4
       5
       1
       3
       2
       2
       4
       9
       2
       7
       5
       2
       3
       6
       6
       1
       2
       3
       5
       2
       1
       3
       3
       0
       5
       2
       1
       6
       4
       3
       1
       0
       4
       3
       2
       3
       3
       5
       3
       7
       7
       2
       4
       2
       1
       2
       0
       1
       2
       2
       1
       2
       0
       1
       1
       4
       0
       2
       1
       0
       0
       0
       0
       2
       0
       0
       1
       0
       0
       1
       1
       0
       2
       0
       1
       0
       0
       1
       0
       0
       0
       0
       0
       2
       1
       0
       0
       0
       0
       1
       0
       1
       0
       1
       1
       1
       2
       1
       0
       1
       1
       0
       0
       0
       0
       2
       0
       0
       0
       2
       1
       2
       0
       1
       0
       2
       0
       1
       1
       0
       0
       0
       2
       1
       1
       0
       1
       0
       1
       1
       0
       0
       1
       0
       0
       0
       0
       0
       0
       0
       0
       0
       0
       1
       0
       1
       0
       0
       0
       0
       0
       0
       0
       1
       0
       0
       0
       0
       1
       0
       0
       0
       0
       0
       0
       0
       0
       0
       0
       0
       0
       0
       0
       0
       0
       0
       0
       0
       0
       0
       0
       0
       1
       0
       1
       0
       0
       0
       0
       0
       0
       0
       0
       0
       0
       0
       0
       0
       1
       0
       0
       0
       1
       0
       0
       1
       0
       0
       0
       1
       0
       0
       0
       0
       0
       0
       0
       0
       0
       0
       0
       0
       0
       0
       0
       0
       0
       0
       0
       0
       0
       0
       1
       0
       0
       0
       0
       0
       0
       0
       0
       0
       0
       0
       0
       0
       0
       0
       0
       0
       0
       0
       0
       0
       0
       0
       0
       0
       0
       0
       0
       0
       0
       0
       0
       0
       0
       0
       0
       0
       0
       0
       0
       0
       0
       0
       0
       0
       0
       0
       0
       0
       0
       0
       0
       0
       0
       0
       1
       0
       0
       0
       0
       0
       0
       0
       0
       0
       0
       0
       0
       0
       0
       0
       0
       0
       0
       0
       0
       0
       0
       0
       0
       1
       0
       0
       0
       0
       0
       0
       0
       1
       0
       0
       0
       0
       0
       0
       0
       0
       0
       0
       0
       0
       0
       0
       0
       0
       0
       0
       1
       0
       0
       1
       0
       0
       0
       0
       0
       0
       0
       0
       0
       0
       0
       0
       0
       0
       0
       0
       0
       0
       0
       0
       0
       0
       0
       0
       0
       0
       0
       0
       0
       0
       0
       0
       0
       0
       0
       0
       0
       0
       0
       0
       0
       0
       0
       0
       0
       0
       0
       0
       0
       0
       0
       0
       0
       0
$ROI:
1
66 79
$PRESETS:
None
0
0
$ENER_FIT:
0.000000 3.991138
$MCA_CAL:
3
0.000000E+000 3.991138E+000 0.000000E+000 keV
$SHAPE_CAL:
3
1.151547E+001 0.000000E+000 0.000000E+000
