$SPEC_ID:
No sample description was entered.
$SPEC_REM:
DET# 1
DETDESC# PRAK01 Easy-MCA-2k SN 15071856
AP# Maestro Version 7.01
$DATE_MEA:
01/01/2002 00:38:52
$MEAS_TIM:
189 189
$DATA:
0 511
       0
       0
       0
       0
       0
       0
       0
       0
       0
       0
       0
       0
       0
       0
       0
       0
       0
       0
       0
       0
       0
       0
       0
       0
       0
       0
       0
       0
       0
       0
       0
       0
      65
      82
      85
      76
      77
      59
      78
      68
      80
      61
      59
      65
      59
      52
      54
      57
      40
      42
      57
      36
      42
      45
      45
      35
      30
      25
      27
      36
      21
      24
      21
      27
      34
      33
      40
      42
      66
      94
     148
     190
     205
     201
     179
     118
      87
      64
      33
      12
      10
      12
       6
       5
       8
       5
       6
       7
       7
       8
       9
       9
       8
       3
       6
       3
       7
       4
      11
       1
       4
       4
       4
       3
       6
       4
       2
      10
       4
       6
       1
       3
       1
       4
       5
       5
      10
       6
       2
       5
       3
       6
       4
       3
       5
       3
       6
       4
       3
       5
       5
       1
       2
       3
       4
       1
       1
       2
       2
       1
       1
       4
       3
       4
       2
       5
       5
       5
       4
       4
       6
       2
       3
       2
       2
       1
       4
       3
       3
       5
       0
       1
       1
       2
       1
       0
       4
       1
       1
       0
       0
       1
       2
       3
       2
       0
       0
       0
       1
       1
       1
       3
       0
       0
       1
       1
       5
       3
       0
       0
       0
       2
       0
       2
       1
       1
       0
       1
       1
       0
       0
       1
       1
       1
       1
       1
       2
       1
       2
       2
       0
       0
       0
       2
       0
       0
       2
       0
       0
       0
       0
       1
       0
       0
       1
       2
       0
       1
       1
       0
       2
       1
       0
       0
       2
       0
       0
       0
       0
       0
       0
       0
       1
       0
       0
       0
       0
       0
       2
       0
       0
       0
       1
       0
       1
       1
       0
       0
       0
       1
       0
       0
       1
       1
       0
       0
       0
       1
       1
       1
       1
       0
       2
       0
       0
       0
       1
       0
       0
       0
       0
       0
       0
       1
       0
       1
       0
       0
       0
       0
       0
       0
       0
       0
       0
       1
       0
       0
       0
       0
       0
       0
       0
       0
       1
       0
       0
       0
       0
       0
       0
       0
       0
       0
       0
       0
       0
       0
       0
       0
       1
       0
       0
       0
       0
       0
       0
       0
       0
       0
       0
       1
       0
       0
       0
       0
       0
       0
       0
       0
       0
       1
       0
       0
       0
       0
       0
       0
       0
       0
       0
       0
       0
       1
       0
       0
       0
       0
       0
       0
       0
       0
       0
       0
       0
       0
       0
       0
       0
       0
       0
       0
       0
       0
       0
       0
       0
       0
       0
       0
       0
       0
       0
       0
       0
       0
       0
       0
       0
       0
       0
       0
       0
       0
       0
       0
       0
       0
       0
       0
       0
       0
       0
       0
       0
       0
       0
       0
       0
       0
       0
       0
       1
       0
       0
       0
       0
       0
       0
       0
       0
       0
       0
       0
       0
       0
       0
       0
       0
       0
       0
       0
       1
       0
       0
       0
       0
       0
       0
       0
       0
       0
       0
       0
       1
       0
       0
       0
       0
       0
       0
       0
       0
       1
       0
       0
       0
       0
       0
       0
       0
       0
       0
       0
       0
       0
       0
       0
       0
       0
       0
       0
       0
       0
       0
       0
       0
       0
       0
       0
       0
       0
       0
       0
       0
       0
       0
       0
       0
       0
       0
       0
       0
       0
       0
       0
       0
       0
       0
       0
       0
       0
       0
       0
       0
       0
       0
       0
       0
       0
       0
       0
$ROI:
1
63 79
$PRESETS:
None
0
0
$ENER_FIT:
0.000000 3.991138
$MCA_CAL:
3
0.000000E+000 3.991138E+000 0.000000E+000 keV
$SHAPE_CAL:
3
1.151547E+001 0.000000E+000 0.000000E+000
