#R_Probe in Ohm, R_Zylinder in Ohm, Spannung in V, Strom in mA, t in s
39.8 39.6 16.04 151.8 395
43.8 43.3 16.09 151.9 395
47.9 47.1 16.10 152.8 475
52.1 51.1 16.16 153.3 505
56.1 54.9 16.20 153.6 488
60.2 59.3 16.22 153.7 479
64.3 63.3 16.24 154.3 511
68.2 66.7 16.26 155.5 480
72.3 71.1 16.28 155.4 528
76.3 75.5 16.28 155.0 492
80.3 79.6 16.67 158.4 508
84.2 82.6 16.71 158.5 471
88.2 88.0 17.29 165.3 480
92.1 91.2 17.31 166.7 488
96.1 96.0 17.31 167.2 491
100.0 99.0 17.32 164.2 482
103.9 103.4 17.32 164.3 473
107.8 107.0 17.32 164.4 511
