$SPEC_ID:
No sample description was entered.
$SPEC_REM:
DET# 1
DETDESC# PRAK01 Easy-MCA-2k SN 15071856
AP# Maestro Version 7.01
$DATE_MEA:
01/01/2002 00:21:41
$MEAS_TIM:
42 43
$DATA:
0 511
       0
       0
       0
       0
       0
       0
       0
       0
       0
       0
       0
       0
       0
       0
       0
       0
       0
       0
       0
       0
       0
       0
       0
       0
       0
       0
       0
       0
       0
       0
       2
      25
     224
     381
     326
     280
     233
     252
     217
     211
     177
     165
     155
     167
     165
     164
     159
     152
     157
     159
     130
     138
     135
     133
     132
     138
     125
     124
     135
     138
     127
     121
     120
     130
     113
     119
     133
     122
      98
     127
     130
     119
     130
     134
     127
     123
     124
     122
     122
     127
     128
     107
     107
     126
     116
     130
     107
     123
     114
     110
     119
     113
      91
     100
      79
      91
      80
      86
      76
      59
      62
      54
      54
      56
      55
      45
      43
      44
      59
      45
      60
      53
      50
      52
      46
      59
      85
      96
      96
     124
     149
     161
     205
     222
     301
     350
     381
     467
     472
     532
     529
     535
     533
     493
     502
     421
     399
     353
     326
     245
     205
     175
     128
      85
      69
      45
      28
      31
      19
      10
       7
       5
       4
       5
       1
       2
       1
       4
       0
       0
       1
       0
       1
       0
       1
       1
       1
       0
       1
       1
       0
       0
       1
       1
       2
       1
       2
       1
       1
       1
       1
       1
       2
       0
       0
       0
       0
       0
       0
       0
       2
       0
       1
       0
       1
       0
       1
       0
       0
       1
       0
       0
       1
       2
       0
       1
       0
       3
       0
       2
       1
       2
       2
       0
       2
       2
       1
       0
       0
       1
       0
       0
       0
       0
       1
       0
       0
       1
       0
       0
       1
       2
       0
       0
       0
       0
       0
       1
       0
       1
       0
       0
       0
       0
       0
       0
       2
       0
       0
       0
       0
       1
       0
       0
       0
       0
       0
       0
       0
       0
       1
       0
       0
       1
       2
       2
       1
       1
       2
       1
       0
       0
       0
       1
       1
       1
       0
       0
       0
       0
       1
       0
       1
       1
       0
       0
       0
       1
       0
       0
       0
       0
       0
       2
       0
       0
       1
       0
       0
       0
       0
       0
       0
       0
       0
       0
       0
       0
       0
       0
       0
       0
       0
       0
       0
       0
       0
       0
       0
       0
       0
       0
       0
       0
       0
       0
       0
       1
       0
       1
       0
       0
       0
       0
       0
       0
       0
       0
       0
       0
       0
       0
       0
       0
       0
       0
       0
       0
       0
       0
       0
       0
       0
       0
       0
       0
       0
       0
       0
       0
       0
       0
       0
       0
       1
       1
       0
       0
       0
       0
       0
       0
       0
       0
       0
       0
       0
       0
       0
       0
       0
       0
       0
       0
       0
       0
       0
       0
       0
       0
       0
       0
       0
       0
       0
       0
       0
       0
       0
       0
       0
       0
       0
       1
       0
       1
       0
       0
       0
       0
       0
       0
       0
       0
       0
       0
       0
       1
       0
       0
       0
       1
       0
       1
       0
       0
       0
       0
       0
       0
       0
       0
       0
       0
       0
       0
       0
       0
       0
       0
       0
       0
       0
       0
       0
       0
       0
       0
       0
       0
       0
       0
       0
       0
       0
       0
       0
       0
       0
       0
       0
       0
       0
       0
       1
       0
       0
       0
       0
       0
       0
       0
       0
       0
       0
       0
       0
       0
       0
       0
       0
       0
       0
       0
       0
       0
       0
       0
       0
       0
       0
       0
       0
       0
       0
       0
       0
       0
       0
       0
       0
       0
       0
       0
       0
       0
       0
       0
       0
       0
       0
       0
$ROI:
1
113 144
blah
$PRESETS:
None
0
0
$ENER_FIT:
0.000000 3.991138
$MCA_CAL:
3
0.000000E+000 3.991138E+000 0.000000E+000 keV
$SHAPE_CAL:
3
1.151547E+001 0.000000E+000 0.000000E+000
