$SPEC_ID:
PRAK02 Easy-MCA-2k SN
$SPEC_REM:
DET# 1
DETDESC# PRAK01 Easy-MCA-2k SN 15071856
AP# Maestro Version 7.01
$DATE_MEA:
03/26/2002 00:52:44
$MEAS_TIM:
300 300
$DATA:
0 511
       0
       0
       0
       0
       0
       0
       0
       0
       2
       9
       0
       1
       0
       0
       1
       0
       3
       4
       4
    1107
    1980
    1956
    1837
    1774
    1679
    1586
    1640
    1603
    1607
    1552
    1597
    1514
    1501
    1482
    1533
    1434
    1451
    1486
    1547
    1538
    1428
    1497
    1500
    1446
    1307
    1116
     951
     827
     728
     668
     619
     568
     547
     585
     562
     617
     703
     943
    1410
    2387
    4124
    6339
    8360
    9505
    8911
    7200
    4848
    2793
    1310
     523
     164
      59
      27
      16
      20
      16
      16
       9
      21
      16
      12
       8
      10
      10
      15
      13
      13
       8
      13
       6
       9
      11
       8
      12
       8
      12
       8
       9
      10
      11
       8
      13
       6
      13
      10
       9
       7
       5
       6
       8
       7
       7
       9
       7
      11
       7
       6
       7
       4
       4
       7
       6
       3
       5
       4
       5
       5
       4
       5
       1
       3
       4
       4
       9
       7
      10
       6
      10
       7
       7
       3
       1
       6
       5
       0
       2
       2
       2
       2
       0
       1
       2
       0
       1
       4
       3
       0
       2
       0
       0
       1
       3
       1
       2
       1
       0
       2
       2
       3
       2
       1
       2
       1
       1
       1
       0
       1
       1
       0
       3
       1
       0
       1
       0
       1
       0
       0
       2
       0
       2
       3
       2
       0
       0
       2
       1
       3
       1
       0
       1
       1
       2
       2
       1
       0
       1
       0
       2
       0
       0
       1
       1
       0
       1
       0
       0
       2
       2
       0
       0
       0
       0
       0
       1
       0
       0
       0
       0
       0
       0
       0
       0
       0
       0
       0
       0
       0
       0
       0
       0
       0
       1
       1
       0
       1
       1
       0
       0
       0
       0
       0
       0
       1
       0
       0
       0
       0
       0
       0
       0
       0
       1
       2
       0
       0
       0
       0
       1
       0
       0
       0
       0
       1
       0
       1
       0
       0
       0
       0
       1
       0
       0
       1
       1
       0
       0
       0
       0
       2
       0
       0
       0
       0
       0
       0
       0
       1
       2
       1
       0
       0
       0
       2
       0
       0
       0
       0
       0
       0
       0
       0
       0
       1
       0
       0
       0
       0
       0
       0
       0
       0
       0
       0
       0
       0
       0
       0
       0
       0
       0
       0
       0
       0
       0
       0
       0
       0
       0
       0
       0
       0
       0
       0
       0
       0
       0
       0
       0
       0
       0
       0
       0
       0
       0
       0
       0
       0
       0
       0
       0
       0
       0
       0
       0
       0
       0
       0
       1
       0
       0
       0
       0
       0
       0
       0
       0
       0
       0
       0
       0
       0
       0
       0
       0
       0
       0
       0
       0
       0
       0
       1
       0
       0
       0
       0
       0
       0
       0
       0
       0
       0
       0
       0
       0
       0
       0
       0
       0
       0
       0
       0
       0
       0
       0
       0
       0
       0
       0
       0
       0
       0
       0
       0
       0
       0
       0
       0
       0
       0
       0
       0
       0
       0
       0
       0
       0
       0
       0
       0
       0
       0
       0
       0
       0
       0
       0
       0
       0
       0
       0
       0
       0
       0
       0
       0
       0
       0
       0
       0
       0
       0
       0
       0
       0
       0
       0
       0
       0
       0
       0
       0
       0
       0
       0
       0
       0
       0
       0
       0
       0
       0
       0
       0
       0
       0
       0
       0
       0
       0
       0
       0
       0
       0
       0
       0
       0
       0
       0
       0
       0
       0
       0
       0
       0
       0
       0
       0
       0
       0
       0
       0
       0
$ROI:
0
$PRESETS:
Live Time
300
0
$ENER_FIT:
0.000000 0.000000
$MCA_CAL:
3
0.000000E+000 0.000000E+000 0.000000E+000 
$SHAPE_CAL:
3
0.000000E+000 0.000000E+000 0.000000E+000
